1079352200638406657
42954261
1435328696274018311
1675722785090404352
1326582887207100417
786668075898834945
1439205932404183040
1499446029569208323
94915225
2363477743
1281140158939623424
1584203171425050624
77225258
973271278550429697
16421691
1174019651946340353
1370436311157403651
793299115
163214754
1020415276691664896
1664254143941210112
1658250610779750401
1529833851614265344
1552402725912166400
1676259777494622208
1323060540130775040
1335262733231480832
1552450350845755395
1215098401781452801
1190345465801453568
2902521488
